 1 2 3 4
 1 2 5 6
Number k is: 3
Arrays in descending order:
 4 3 2 1
 6 5 2 1
keys in pq: [0,0,10] 
keys in pq: [0,0,10] [0,1,9] 
keys in pq: [0,0,10] [0,1,9] [0,2,6] 
keys in pq: [0,0,10] [0,1,9] [0,2,6] [0,3,5] 
keys in pq: [0,0,10] [1,0,9] [0,1,9] [0,2,6] [0,3,5] 
keys in pq: [0,0,10] [0,1,9] [1,0,9] [1,1,8] [0,2,6] [0,3,5] 
keys in pq: [0,0,10] [0,1,9] [1,0,9] [1,1,8] [0,2,6] [1,2,5] [0,3,5] 
keys in pq: [0,0,10] [0,1,9] [1,0,9] [1,1,8] [0,2,6] [0,3,5] [1,2,5] [1,3,4] 
keys in pq: [0,0,10] [0,1,9] [1,0,9] [2,0,8] [1,1,8] [0,2,6] [1,2,5] [0,3,5] [1,3,4] 
keys in pq: [0,0,10] [0,1,9] [1,0,9] [2,0,8] [1,1,8] [2,1,7] [0,2,6] [0,3,5] [1,2,5] [1,3,4] 
keys in pq: [0,0,10] [0,1,9] [1,0,9] [2,0,8] [1,1,8] [2,1,7] [0,2,6] [1,2,5] [0,3,5] [1,3,4] [2,2,4] 
keys in pq: [0,0,10] [0,1,9] [1,0,9] [2,0,8] [1,1,8] [2,1,7] [0,2,6] [0,3,5] [1,2,5] [1,3,4] [2,2,4] [2,3,3] 
keys in pq: [0,0,10] [0,1,9] [1,0,9] [2,0,8] [1,1,8] [2,1,7] [3,0,7] [0,2,6] [0,3,5] [1,2,5] [1,3,4] [2,2,4] [2,3,3] 
keys in pq: [0,0,10] [0,1,9] [1,0,9] [2,0,8] [1,1,8] [2,1,7] [3,0,7] [0,2,6] [3,1,6] [0,3,5] [1,2,5] [1,3,4] [2,2,4] [2,3,3] 
keys in pq: [0,0,10] [0,1,9] [1,0,9] [2,0,8] [1,1,8] [2,1,7] [3,0,7] [0,2,6] [3,1,6] [0,3,5] [1,2,5] [2,2,4] [1,3,4] [3,2,3] [2,3,3] 
keys in pq: [0,0,10] [0,1,9] [1,0,9] [2,0,8] [1,1,8] [2,1,7] [3,0,7] [0,2,6] [3,1,6] [0,3,5] [1,2,5] [1,3,4] [2,2,4] [3,2,3] [2,3,3] [3,3,2] 
k=0 keys in pq: [0,0,10] [0,1,9] [1,0,9] [2,0,8] [1,1,8] [2,1,7] [3,0,7] [0,2,6] [3,1,6] [0,3,5] [1,2,5] [1,3,4] [2,2,4] [3,2,3] [2,3,3] [3,3,2] 
sum=10, a[0]=4, b[0]=6
k=1 keys in pq: [0,1,9] [1,0,9] [2,0,8] [1,1,8] [2,1,7] [3,0,7] [0,2,6] [3,1,6] [0,3,5] [1,2,5] [1,3,4] [2,2,4] [3,2,3] [2,3,3] [3,3,2] 
sum=9, a[0]=4, b[1]=5
k=2 keys in pq: [2,0,8] [1,1,8] [2,1,7] [3,0,7] [0,2,6] [3,1,6] [0,3,5] [1,2,5] [1,3,4] [2,2,4] [3,2,3] [2,3,3] [3,3,2] 
sum=8, a[2]=2, b[0]=6
